           0           0           0           0           0           0           0           0           0           0
           0   -0.012227   -0.025213   -0.036703   -0.046551    -0.05453   -0.059893   -0.059407   -0.052431           0
           0   -0.010195   -0.025432   -0.041053   -0.055472   -0.067282   -0.073784   -0.069374   -0.046986           0
           0  -0.0081422   -0.022292   -0.037561   -0.051497    -0.06169   -0.064364   -0.054197   -0.028456           0
           0  -0.0061927   -0.017594   -0.029975   -0.040673   -0.047032   -0.045787   -0.034177   -0.014323           0
           0  -0.0042134   -0.012254    -0.02091   -0.027863   -0.030924   -0.028065   -0.018746  -0.0064766           0
           0  -0.0024116  -0.0072723   -0.012496    -0.01642   -0.017587   -0.015009  -0.0090973  -0.0026354           0
           0  -0.0010217  -0.0033499  -0.0059079  -0.0077579  -0.0081185  -0.0065882  -0.0036338 -0.00083423           0
           0 -0.00019528 -0.00085769  -0.0016351  -0.0022013  -0.0022884  -0.0017698 -0.00084335 -7.8898e-05           0
           0           0           0           0           0           0           0           0           0           0
