           0     -16.019     -13.915     -12.054     -10.459     -9.1662     -8.2973     -8.3761     -9.5062           0
      1.9807     -1.0934     -2.1458     -2.7536     -3.1994     -3.5958        -4.2     -4.5303     -8.3698      8.4938
      1.6516     0.40669    -0.24089     -0.7325     -1.2559      -1.916     -2.7721      -3.493     -3.0523      7.6117
       1.319     0.49497   -0.035575     -0.4395    -0.85805     -1.3432      -1.782     -1.6535      0.1361      4.6099
      1.0032     0.41951    0.027206    -0.25599    -0.51226    -0.73351    -0.77029    -0.29619     0.95719      2.3204
     0.68257     0.32437      0.0789   -0.085248    -0.20468    -0.25507     -0.1452     0.22941     0.79365      1.0492
     0.39067     0.23176     0.11516    0.042743   0.0019725    0.010129     0.10524     0.29448     0.47519     0.42693
     0.16551     0.15147     0.13446     0.13015     0.13089     0.14151     0.17648     0.22906     0.24391     0.13514
    0.031636    0.088959     0.14171     0.19655     0.23298     0.23781     0.21389     0.17084     0.11032    0.012782
           0    0.031636     0.13895     0.26489     0.35661     0.37072     0.28671     0.13662    0.012782           0
